%YAML 1.0
---
hand to eye: !!opencv-matrix
   rows: 4
   cols: 4
   dt: d
   data: [ 1.0, 0.0, 0.0, -3.81e-02,
       0.0, 1.0, 0.0, -8.1e-02,
       0.0, 0.0, 1.0, 4.4597777818417263e-02, 
       0., 0., 0., 1. ]
