%YAML 1.0
---
camera_matrix: !!opencv-matrix
   rows: 3
   cols: 3
   dt: d
   data: [ 1.4135021364891049e+03, 0., 9.4508529373237809e+02, 0.,
       1.4199512175750258e+03, 5.9858760434830640e+02, 0., 0., 1. ]
distortion_coefficients: !!opencv-matrix
   rows: 5
   cols: 1
   dt: d
   data: [ -1.7583144780227183e-01, 1.3326660581034819e-01,
       -7.9056711943445771e-04, 1.6631507519569193e-04,
       -3.9803036750947554e-02 ]
nframes: 36
camera poses:
   - !!opencv-matrix
      rows: 4
      cols: 4
      dt: d
      data: [ -3.0778395666170577e-01, 9.4978476921638777e-01,
          5.6373115810980617e-02, -8.8314852735255300e-02,
          -9.5130584986699651e-01, -3.0614115668617797e-01,
          -3.5982943065853375e-02, 8.4271243485651307e-02,
          -1.6917920395150485e-02, -6.4703047435356778e-02,
          9.9776114357198820e-01, 3.2434396196756604e-01, 0., 0., 0., 1. ]
   - !!opencv-matrix
      rows: 4
      cols: 4
      dt: d
      data: [ -3.2933475812775797e-03, 9.9825255761467446e-01,
          5.8999873537745627e-02, -6.8099580289209427e-02,
          -9.9940708258715760e-01, -1.2635556128523621e-03,
          -3.4407654698329335e-02, 7.8902776260445867e-02,
          -3.4272979682763639e-02, -5.9078207851747777e-02,
          9.9766483761867153e-01, 2.7529820470686112e-01, 0., 0., 0., 1. ]
   - !!opencv-matrix
      rows: 4
      cols: 4
      dt: d
      data: [ 3.4894568155269029e-01, 9.3516121157538834e-01,
          6.0913214416742890e-02, -6.1592795847385910e-02,
          -9.3544814136216259e-01, 3.5148539628321585e-01,
          -3.7346901099101298e-02, 3.4452627318024218e-02,
          -5.6335478588575162e-02, -4.3949113352630201e-02,
          9.9744412840404928e-01, 2.7380655641054269e-01, 0., 0., 0., 1. ]
   - !!opencv-matrix
      rows: 4
      cols: 4
      dt: d
      data: [ -8.5663879149579809e-03, 9.8049697316008633e-01,
          -1.9634740289089472e-01, -1.4680369657476949e-01,
          -9.9924474064567859e-01, -1.5836104671320718e-02,
          -3.5484730248229332e-02, 8.0823255426341764e-02,
          -3.7902048625913204e-02, 1.9589513371380068e-01,
          9.7989210186489972e-01, 2.3821282865997259e-01, 0., 0., 0., 1. ]
   - !!opencv-matrix
      rows: 4
      cols: 4
      dt: d
      data: [ -5.6155971647597544e-03, 8.9555294485477799e-01,
          -4.4491952983704597e-01, -1.1130479747426777e-01,
          -9.9917794697295481e-01, -2.2888466821188488e-02,
          -3.3459652859623434e-02, 5.8194996951043215e-02,
          -4.0148416549028371e-02, 4.4436588645901948e-01,
          8.9494528525496775e-01, 2.3063820376331431e-01, 0., 0., 0., 1. ]
   - !!opencv-matrix
      rows: 4
      cols: 4
      dt: d
      data: [ -1.1109355362618627e-02, 9.4283907247420318e-01,
          3.3306315563179822e-01, -7.0443986486057916e-02,
          -9.9947786853078913e-01, -3.6346150884860456e-04,
          -3.2308794667742918e-02, 5.5228124107919593e-02,
          -3.0340938360206376e-02, -3.3324818275831003e-01,
          9.4235082434712525e-01, 3.0302342145163347e-01, 0., 0., 0., 1. ]
   - !!opencv-matrix
      rows: 4
      cols: 4
      dt: d
      data: [ -1.3164786425118306e-02, 8.8955920430957680e-01,
          4.5663016810816792e-01, -9.3136007184662709e-02,
          -9.9951997119656499e-01, 1.1010960201484829e-03,
          -3.0961504594777173e-02, 5.3446299209220012e-02,
          -2.8044885052340901e-02, -4.5681857407034920e-01,
          8.8911769457520884e-01, 3.5063094473081513e-01, 0., 0., 0., 1. ]
   - !!opencv-matrix
      rows: 4
      cols: 4
      dt: d
      data: [ -1.3094732830019905e-02, 8.6245561786808156e-01,
          5.0596327453669609e-01, -7.7532898226909952e-02,
          -9.9954910901532035e-01, 2.3832483039188113e-03,
          -2.9931568522234775e-02, 5.3677139614891525e-02,
          -2.7020485539489630e-02, -5.0612708615061064e-01,
          8.6203553640549113e-01, 3.4510536233455069e-01, 0., 0., 0., 1. ]
   - !!opencv-matrix
      rows: 4
      cols: 4
      dt: d
      data: [ 4.8312263051109722e-04, 9.9942364452708399e-01,
          3.3943266677272946e-02, -7.6715594011043581e-02,
          -9.7508845842400615e-01, -7.0583399149293617e-03,
          2.2170403263346433e-01, 4.5917980163016715e-02,
          2.2181583541491984e-01, -3.3204797813657858e-02,
          9.7452305081066948e-01, 2.5406302486115195e-01, 0., 0., 0., 1. ]
   - !!opencv-matrix
      rows: 4
      cols: 4
      dt: d
      data: [ 8.5699295419742749e-03, 9.9954673586095344e-01,
          2.8859645482211566e-02, -7.5552101303487454e-02,
          -9.0564773895804762e-01, -4.4773902906036500e-03,
          4.2400722387285072e-01, 7.3481867531293293e-02,
          4.2394425250004486e-01, -2.9770384711974157e-02,
          9.0519887039604718e-01, 2.7263186999957967e-01, 0., 0., 0., 1. ]
   - !!opencv-matrix
      rows: 4
      cols: 4
      dt: d
      data: [ 1.3025763577300925e-02, 9.9958821334500547e-01,
          2.5568207308456770e-02, -7.4660996798537882e-02,
          -8.4160650497687961e-01, -2.8475767455226342e-03,
          5.4008368063410317e-01, 8.1902999350422265e-02,
          5.3993408881439386e-01, -2.8553371927292959e-02,
          8.4122285078791814e-01, 2.7869968085159730e-01, 0., 0., 0., 1. ]
   - !!opencv-matrix
      rows: 4
      cols: 4
      dt: d
      data: [ -1.4598245081953606e-02, 9.9909542972384369e-01,
          3.9940124504752858e-02, -7.8814163970839970e-02,
          -9.8934390166272768e-01, -8.6455825060553354e-03,
          -1.4534062799472808e-01, 8.0669680989046352e-02,
          -1.4486385154101822e-01, -4.1636236718259390e-02,
          9.8857518090868668e-01, 2.2813691634199287e-01, 0., 0., 0., 1. ]
   - !!opencv-matrix
      rows: 4
      cols: 4
      dt: d
      data: [ -2.2825728344718767e-02, 9.9895687479726214e-01,
          3.9549316312926519e-02, -7.8672029483383282e-02,
          -9.4333244114198611e-01, -8.4208504311470492e-03,
          -3.3174236203282426e-01, 7.1495341384004790e-02,
          -3.3106327433684679e-01, -4.4880414139166103e-02,
          9.4254063934244370e-01, 2.3632564032266201e-01, 0., 0., 0., 1. ]
   - !!opencv-matrix
      rows: 4
      cols: 4
      dt: d
      data: [ -2.8014427242500486e-02, 9.9884022778463055e-01,
          3.9158539623208033e-02, -7.6801916724868816e-02,
          -8.9766601633684584e-01, -7.9032949767794264e-03,
          -4.4060556174706622e-01, 7.9837458249047616e-02,
          -4.3978507816911255e-01, -4.7494602721337958e-02,
          8.9684633451451989e-01, 2.8253110347142313e-01, 0., 0., 0., 1. ]
   - !!opencv-matrix
      rows: 4
      cols: 4
      dt: d
      data: [ 1.0515365816674770e-01, 9.9319697736701662e-01,
          5.0024717122363796e-02, -1.3266588466533646e-01,
          -9.9428821317468374e-01, 1.0407883022585564e-01,
          2.3633582900438137e-02, 1.8887214673930095e-02,
          1.8266289060593025e-02, -5.2224144299732267e-02,
          9.9846831769271249e-01, 3.0457418316865115e-01, 0., 0., 0., 1. ]
   - !!opencv-matrix
      rows: 4
      cols: 4
      dt: d
      data: [ 1.1513800958001452e-01, 9.9092708632823590e-01,
          6.9330717081144314e-02, -8.1489464201329381e-02,
          -9.8509080077755595e-01, 1.2288360220727634e-01,
          -1.2039823309333834e-01, 4.7021627625366588e-02,
          -1.2782547857679408e-01, -5.4434638692629031e-02,
          9.9030173035142022e-01, 3.0045627908172873e-01, 0., 0., 0., 1. ]
   - !!opencv-matrix
      rows: 4
      cols: 4
      dt: d
      data: [ 1.1704123194198293e-01, 9.8323821983509874e-01,
          -1.3979968913058888e-01, -1.5203842381138510e-01,
          -9.8437770440162542e-01, 9.6210785799490023e-02,
          -1.4745853577474227e-01, 4.1484221972055570e-02,
          -1.3153663026886941e-01, 1.5487442574986676e-01,
          9.7913841061729368e-01, 2.6708581434330741e-01, 0., 0., 0., 1. ]
   - !!opencv-matrix
      rows: 4
      cols: 4
      dt: d
      data: [ 1.1442828746371614e-01, 9.7865636243979437e-01,
          1.7069824628340816e-01, -4.4970193136946744e-02,
          -9.8547380723610867e-01, 1.3352842908985665e-01,
          -1.0493585600910768e-01, 5.0800535260735268e-02,
          -1.2548921180599629e-01, -1.5621102035677589e-01,
          9.7971964093785779e-01, 3.1112250425715848e-01, 0., 0., 0., 1. ]
   - !!opencv-matrix
      rows: 4
      cols: 4
      dt: d
      data: [ 1.0168740887239901e-01, 9.7849028795739457e-01,
          1.7948935135509472e-01, -4.1642399320684281e-02,
          -9.7558513879649411e-01, 1.3338991786513199e-01,
          -1.7447282530915498e-01, 2.6897735303869484e-02,
          -1.9466203491241715e-01, -1.5736545422991810e-01,
          9.6816465850534361e-01, 3.0893218645427573e-01, 0., 0., 0., 1. ]
   - !!opencv-matrix
      rows: 4
      cols: 4
      dt: d
      data: [ 1.2738003412157883e-01, 9.7885110265024344e-01,
          1.6007762413150772e-01, -4.8872607017578291e-02,
          -9.9051572497409757e-01, 1.3392154429774664e-01,
          -3.0718374825903581e-02, 7.6031132321501285e-02,
          -5.1506557701164954e-02, -1.5464649628526841e-01,
          9.8662634046556208e-01, 3.1162276785633164e-01, 0., 0., 0., 1. ]
   - !!opencv-matrix
      rows: 4
      cols: 4
      dt: d
      data: [ -1.7592287718296667e-01, 9.7132189780182210e-01,
          1.5995284347060931e-01, -4.1797372476879160e-02,
          -9.8440128080053491e-01, -1.7320596143228914e-01,
          -3.0883867675256318e-02, 1.1934991176767638e-01,
          -2.2933909246349582e-03, -1.6289096284012439e-01,
          9.8664141134613048e-01, 3.1154096439534562e-01, 0., 0., 0., 1. ]
   - !!opencv-matrix
      rows: 4
      cols: 4
      dt: d
      data: [ -1.8564022002575764e-01, 9.7130162732712300e-01,
          1.4869720058047792e-01, -1.4486602584215186e-01,
          -9.8004561967679626e-01, -1.7207974861797662e-01,
          -9.9494439381798569e-02, 7.9086136941155905e-02,
          -7.1051333985455295e-02, -1.6420020970527582e-01,
          9.8386482764230898e-01, 3.2655410821958986e-01, 0., 0., 0., 1. ]
   - !!opencv-matrix
      rows: 4
      cols: 4
      dt: d
      data: [ -2.0241438943764767e-01, 9.7080996336231329e-01,
          1.2867179172238366e-01, -1.4461281595147060e-01,
          -9.6145329455710393e-01, -1.7203293566873720e-01,
          -2.1450461866935874e-01, 8.0536078466793157e-02,
          -1.8610743492368911e-01, -1.6713073948756499e-01,
          9.6821037930011111e-01, 3.2767738049140599e-01, 0., 0., 0., 1. ]
   - !!opencv-matrix
      rows: 4
      cols: 4
      dt: d
      data: [ -2.7108245028354644e-01, 9.5398174577663453e-01,
          1.2819178551386712e-01, -1.3876856494966830e-01,
          -9.4660423395169591e-01, -2.4006973162237272e-01,
          -2.1519049287430209e-01, 9.6465952917941744e-02,
          -1.7451283452225430e-01, -1.7968125301134413e-01,
          9.6812185075189872e-01, 3.3023334399816529e-01, 0., 0., 0., 1. ]
   - !!opencv-matrix
      rows: 4
      cols: 4
      dt: d
      data: [ 1.3079684435493666e-01, 9.8283985068472490e-01,
          1.3006926390511495e-01, -1.6241242960915422e-01,
          -9.6461499177993093e-01, 1.5645725224523255e-01,
          -2.1222404635968001e-01, 3.9593749842074998e-02,
          -2.2893252966801028e-01, -9.7708526372572158e-02,
          9.6852616935935498e-01, 3.2048341202813746e-01, 0., 0., 0., 1. ]
   - !!opencv-matrix
      rows: 4
      cols: 4
      dt: d
      data: [ 2.1649902574199900e-01, 9.7055471253561465e-01,
          1.0560171318532661e-01, -1.3753107316520552e-01,
          -9.3405976205484387e-01, 1.7445375020649037e-01,
          3.1160592091444633e-01, 4.8070284918170066e-02,
          2.8400798010410550e-01, -1.6610068938388606e-01,
          9.4432517080896661e-01, 3.1406051008469787e-01, 0., 0., 0., 1. ]
   - !!opencv-matrix
      rows: 4
      cols: 4
      dt: d
      data: [ 3.9440736461420711e-01, 9.1257719666928583e-01,
          1.0791520216032253e-01, -1.0633229032132628e-01,
          -8.8479201266487462e-01, 3.4541106075452582e-01,
          3.1278473976981891e-01, 1.2642147722614036e-02,
          2.4816511653033735e-01, -2.1884711382072353e-01,
          9.4367368073387703e-01, 3.2272082499141758e-01, 0., 0., 0., 1. ]
   - !!opencv-matrix
      rows: 4
      cols: 4
      dt: d
      data: [ -2.0447593418873602e-01, 9.7410825828966041e-01,
          9.6450471587898129e-02, -8.0223531225072586e-02,
          -9.2307323131358998e-01, -2.2467355252044288e-01,
          3.1218200529519891e-01, 9.3953068865454653e-02,
          3.2576893954140484e-01, -2.5197141300711989e-02,
          9.4511359216780932e-01, 2.9151015260890961e-01, 0., 0., 0., 1. ]
   - !!opencv-matrix
      rows: 4
      cols: 4
      dt: d
      data: [ 2.5226179082562394e-01, 9.6427048275393845e-01,
          8.0909980712735169e-02, -6.9464352311593522e-02,
          -8.9683510209021777e-01, 2.0157991303613484e-01,
          3.9376685782220500e-01, 1.0482449041399552e-02,
          3.6338793120889057e-01, -1.7189524353463170e-01,
          9.1564252670018098e-01, 2.9026796533876165e-01, 0., 0., 0., 1. ]
   - !!opencv-matrix
      rows: 4
      cols: 4
      dt: d
      data: [ 2.8979771351273798e-01, 8.8368994417350311e-01,
          -3.6757226202397264e-01, -4.1720682287718421e-02,
          -9.5525898962424605e-01, 2.9079341029794004e-01,
          -5.4031983762937691e-02, 3.5486021110661882e-02,
          5.9140070889824953e-02, 3.6678505298597541e-01,
          9.2842402862120155e-01, 2.3413345983695652e-01, 0., 0., 0., 1. ]
   - !!opencv-matrix
      rows: 4
      cols: 4
      dt: d
      data: [ 3.1876402731130765e-01, 9.1042295211762914e-01,
          -2.6366558962006603e-01, -4.8573101605322723e-02,
          -9.4688731709881357e-01, 2.9344602528404168e-01,
          -1.3150604154337708e-01, 5.1312323907497057e-02,
          -4.2354499285043257e-02, 2.9158099818475613e-01,
          9.5560798337388042e-01, 2.3032291958760520e-01, 0., 0., 0., 1. ]
   - !!opencv-matrix
      rows: 4
      cols: 4
      dt: d
      data: [ -1.7828521367374089e-01, 9.3349503982470661e-01,
          -3.1112922268404486e-01, -6.4898313337915944e-02,
          -9.8297997196056319e-01, -1.8321018012046783e-01,
          1.3579566437703555e-02, 9.5940243658817870e-02,
          -4.4325583016118664e-02, 3.0825483049401703e-01,
          9.5027059418219695e-01, 2.4694606469162017e-01, 0., 0., 0., 1. ]
   - !!opencv-matrix
      rows: 4
      cols: 4
      dt: d
      data: [ -2.0759088177480545e-01, 9.3291377748874005e-01,
          -2.9424124383853484e-01, -9.0160504610137193e-02,
          -9.7704905708305645e-01, -1.8305475148970571e-01,
          1.0893162080017119e-01, 8.4113765901229570e-02,
          4.7761552079773825e-02, 3.1010134106245246e-01,
          9.4950302390998176e-01, 2.4138118973216696e-01, 0., 0., 0., 1. ]
   - !!opencv-matrix
      rows: 4
      cols: 4
      dt: d
      data: [ -2.8368455910313806e-01, 9.3095882912084194e-01,
          -2.2986676447109278e-01, -9.7383622201221931e-02,
          -9.0509327834213660e-01, -1.8077207638957768e-01,
          3.8487350376154000e-01, 8.6747576978194768e-02,
          3.1674789411508586e-01, 3.1723353366211354e-01,
          8.9388682543927567e-01, 2.6584163906054642e-01, 0., 0., 0., 1. ]
   - !!opencv-matrix
      rows: 4
      cols: 4
      dt: d
      data: [ -1.9609628899679604e-01, 9.5353563492184568e-01,
          -2.2872699529324877e-01, -8.0051873779420524e-02,
          -9.1815914211532357e-01, -9.6651862690379869e-02,
          3.8424238078136697e-01, 7.1980347867486305e-02,
          3.4428191237957612e-01, 2.8535628672358482e-01,
          8.9445053213444370e-01, 2.4631825549542544e-01, 0., 0., 0., 1. ]
   - !!opencv-matrix
      rows: 4
      cols: 4
      dt: d
      data: [ 4.7763418145220844e-02, 9.7281998955484317e-01,
          -2.2658314988012540e-01, -4.7691518540871003e-02,
          -9.1484463216385359e-01, 1.3366671795040796e-01,
          3.8104134619926661e-01, 6.5496663999262655e-02,
          4.0097126441687569e-01, 1.8908854125747715e-01,
          8.9636352484750903e-01, 2.5728909247812981e-01, 0., 0., 0., 1. ]
TCP poses:
   - !!opencv-matrix
      rows: 4
      cols: 4
      dt: d
      data: [ -2.9667509207566845e-01, -9.5493055546574379e-01,
          -9.5668165959132308e-03, 6.7607782998648758e-01,
          -9.5292378362167540e-01, 2.9536512518606584e-01,
          6.8525217489404419e-02, 5.4974899112175776e-02,
          -6.2611120019083810e-02, 2.9446172275966537e-02,
          -9.9760351372088196e-01, 3.0490309364935803e-01, 0., 0., 0.,
          1. ]
   - !!opencv-matrix
      rows: 4
      cols: 4
      dt: d
      data: [ 7.5468898817812047e-03, -9.9951711065723092e-01,
          -3.0142825954650451e-02, 7.1525799365082210e-01,
          -9.9801217208710424e-01, -9.4147620539531962e-03,
          6.2314256967785295e-02, 7.4957326227469645e-02,
          -6.2567953611189747e-02, 2.9612628368443330e-02,
          -9.9760129481773452e-01, 2.5840836461490851e-01, 0., 0., 0.,
          1. ]
   - !!opencv-matrix
      rows: 4
      cols: 4
      dt: d
      data: [ 3.6024971765469838e-01, -9.3150582100172141e-01,
          -5.0170174103935657e-02, 7.1525730854379066e-01,
          -9.3075559896396365e-01, -3.6252533336651172e-01,
          4.7638195439510728e-02, 7.5050680801700326e-02,
          -6.2563215446007112e-02, 2.9534523991571873e-02,
          -9.9760390735283699e-01, 2.5850754914619023e-01, 0., 0., 0.,
          1. ]
   - !!opencv-matrix
      rows: 4
      cols: 4
      dt: d
      data: [ 4.5689743460441967e-04, -9.9956633358031877e-01,
          -2.9443777229379617e-02, 7.1530675890103124e-01,
          -9.8094589271722399e-01, 5.2723581523741458e-03,
          -1.9420957185659474e-01, 7.4993918933047979e-02,
          1.9428058782581187e-01, 2.8971486194397711e-02,
          -9.8051808049711398e-01, 2.5851729020551184e-01, 0., 0., 0.,
          1. ]
   - !!opencv-matrix
      rows: 4
      cols: 4
      dt: d
      data: [ 6.1958767860093023e-04, -9.9956362414615152e-01,
          -2.9532649642715014e-02, 6.9206701389260306e-01,
          -8.9725330843710005e-01, 1.2483448879923920e-02,
          -4.4133962432886126e-01, 1.8859958854138437e-01,
          4.4151570369556120e-01, 2.6771716192152351e-02,
          -8.9685403416740017e-01, 2.5845710398321486e-01, 0., 0., 0.,
          1. ]
   - !!opencv-matrix
      rows: 4
      cols: 4
      dt: d
      data: [ 3.9196369083605020e-04, -9.9956252455654626e-01,
          -2.9573736094878511e-02, 6.9207267431639197e-01,
          -9.4165537731554627e-01, -1.0322814616804399e-02,
          3.3642025781915053e-01, -1.9791488711684187e-02,
          -3.3657836641290789e-01, 2.7716403095126518e-02,
          -9.4124747238029116e-01, 2.3726419921008005e-01, 0., 0., 0.,
          1. ]
   - !!opencv-matrix
      rows: 4
      cols: 4
      dt: d
      data: [ 5.5720825297189691e-04, -9.9956644428431973e-01,
          -2.9438291046945314e-02, 6.9208351004573776e-01,
          -8.8828845544767376e-01, -1.4015336091400932e-02,
          4.5907209703120838e-01, -9.8599545219057741e-02,
          -4.5928565124261067e-01, 2.5893895323935212e-02,
          -8.8791114237157986e-01, 2.3730178911855079e-01, 0., 0., 0.,
          1. ]
   - !!opencv-matrix
      rows: 4
      cols: 4
      dt: d
      data: [ 5.5597166153331656e-04, -9.9956372761456125e-01,
          -2.9530413691562896e-02, 6.9205021090223562e-01,
          -8.6088384359914771e-01, -1.5503534015390397e-02,
          5.0856528417007751e-01, -9.8503116407861163e-02,
          -5.0880123695355706e-01, 2.5139508155827328e-02,
          -8.6051688327668130e-01, 2.2333189983809598e-01, 0., 0., 0.,
          1. ]
   - !!opencv-matrix
      rows: 4
      cols: 4
      dt: d
      data: [ 1.1134127121525395e-02, -9.7461851605579564e-01,
          2.2359512377160745e-01, 6.0691724196471808e-01,
          -9.9909310557768372e-01, -1.6527083350484917e-03,
          4.2546855845037077e-02, 7.2229627747082248e-02,
          -4.1097415981796392e-02, -2.2386606870260173e-01,
          -9.7375304142439589e-01, 2.2337675040709098e-01, 0., 0., 0.,
          1. ]
   - !!opencv-matrix
      rows: 4
      cols: 4
      dt: d
      data: [ 1.9776108792467273e-02, -9.0467406056099853e-01,
          4.2564509825569785e-01, 5.6646943242300740e-01,
          -9.9909336864673259e-01, -1.8282894715261344e-03,
          4.2533493669481420e-02, 7.2274824369440410e-02,
          -3.7700745976067845e-02, -4.2610034206238623e-01,
          -9.0389001114469980e-01, 2.2331461181395662e-01, 0., 0., 0.,
          1. ]
   - !!opencv-matrix
      rows: 4
      cols: 4
      dt: d
      data: [ 2.4593962756762511e-02, -8.4025612996019294e-01,
          5.4163158425283742e-01, 5.3409066459905274e-01,
          -9.9908943895437674e-01, -1.7645671180251954e-03,
          4.2628385762477877e-02, 7.2294135733124848e-02,
          -3.4863017163573484e-02, -5.4218679656296087e-01,
          -8.3953442315788751e-01, 2.1134534783861647e-01, 0., 0., 0.,
          1. ]
   - !!opencv-matrix
      rows: 4
      cols: 4
      dt: d
      data: [ -4.2430482948355719e-03, -9.9013084962835995e-01,
          -1.4008175168589865e-01, 7.4448063337110537e-01,
          -9.9909208868278110e-01, -1.7408748385088213e-03,
          4.2567213748076517e-02, 7.2273606066030685e-02,
          -4.2390976311539229e-02, 1.4013518462191688e-01,
          -9.8922451200843975e-01, 2.1136041915808942e-01, 0., 0., 0.,
          1. ]
   - !!opencv-matrix
      rows: 4
      cols: 4
      dt: d
      data: [ -1.2118679944872368e-02, -9.4567451937105118e-01,
          -3.2488896720068045e-01, 7.8904409940690179e-01,
          -9.9909234943326153e-01, -1.8176511725104261e-03,
          4.2557883501656707e-02, 7.2301353492924908e-02,
          -4.0836440838046384e-02, 3.2510982691476142e-01,
          -9.4479414982478305e-01, 2.1128393795439823e-01, 0., 0., 0.,
          1. ]
   - !!opencv-matrix
      rows: 4
      cols: 4
      dt: d
      data: [ -1.6951833410992045e-02, -9.0062624621106602e-01,
          -4.3426374472176510e-01, 8.4705530731087297e-01,
          -9.9908964949148149e-01, -1.7473684274743606e-03,
          4.2624159611273915e-02, 7.2277989209720631e-02,
          -3.9147255625326588e-02, 4.3459097015394038e-01,
          -8.9977673955135240e-01, 2.3803648870628324e-01, 0., 0., 0.,
          1. ]
   - !!opencv-matrix
      rows: 4
      cols: 4
      dt: d
      data: [ 1.1641986427676498e-01, -9.9296211492834363e-01,
          2.1740596100629565e-02, 6.5829454639262808e-01,
          -9.9181431044376867e-01, -1.1507365529624491e-01,
          5.5339203605699050e-02, 4.4956736271504344e-03,
          -5.2447962789146416e-02, -2.8005216903142130e-02,
          -9.9823089464586112e-01, 2.8300926502169382e-01, 0., 0., 0.,
          1. ]
   - !!opencv-matrix
      rows: 4
      cols: 4
      dt: d
      data: [ 1.2628545985561979e-01, -9.8426951074133484e-01,
          -1.2355368409751355e-01, 7.3100879069407820e-01,
          -9.8942586674674571e-01, -1.3393404640675721e-01,
          5.5660806907227245e-02, 5.8452449338325697e-02,
          -7.1333280041686653e-02, 1.1521806038172192e-01,
          -9.9077563641844169e-01, 2.8300684180892433e-01, 0., 0., 0.,
          1. ]
   - !!opencv-matrix
      rows: 4
      cols: 4
      dt: d
      data: [ 1.2637624649868695e-01, -9.8426157784794921e-01,
          -1.2352404904781862e-01, 7.3106537984828945e-01,
          -9.8226477083865527e-01, -1.0677729103347855e-01,
          -1.5412504692241158e-01, 5.8446261641793923e-02,
          1.3850979853492948e-01, 1.4081106665250681e-01,
          -9.8029958646221849e-01, 2.8302281622422737e-01, 0., 0., 0.,
          1. ]
   - !!opencv-matrix
      rows: 4
      cols: 4
      dt: d
      data: [ 1.2636002257263157e-01, -9.8426220376633011e-01,
          -1.2353565854639435e-01, 7.3107125413020302e-01,
          -9.7666329124866580e-01, -1.4524272860719845e-01,
          1.5821935821529381e-01, 5.8467224109048879e-02,
          -1.7367199032304501e-01, 1.0066014118698108e-01,
          -9.7964563784740510e-01, 2.8298151031506386e-01, 0., 0., 0.,
          1. ]
   - !!opencv-matrix
      rows: 4
      cols: 4
      dt: d
      data: [ 1.1381586481414940e-01, -9.7463019562772013e-01,
          -1.9272241874592289e-01, 7.3100392468095154e-01,
          -9.7666636032109255e-01, -1.4532169620902657e-01,
          1.5812787618911725e-01, 5.8465200300184303e-02,
          -1.8212295169405907e-01, 1.7022804228916891e-01,
          -9.6842844035304965e-01, 2.8300863928470615e-01, 0., 0., 0.,
          1. ]
   - !!opencv-matrix
      rows: 4
      cols: 4
      dt: d
      data: [ 1.3912997833127860e-01, -9.8906566459727085e-01,
          -4.8907670607962944e-02, 7.3105366164071428e-01,
          -9.7667871743504420e-01, -1.4520808048054490e-01,
          1.5815592392507100e-01, 5.8403373079831233e-02,
          -1.6352838297670280e-01, 2.5762850733462378e-02,
          -9.8620218184868669e-01, 2.8301310662771256e-01, 0., 0., 0.,
          1. ]
   - !!opencv-matrix
      rows: 4
      cols: 4
      dt: d
      data: [ -1.6412539034399809e-01, -9.8643853169205287e-01,
          1.3709258391686185e-03, 7.3103884982061995e-01,
          -9.7278470696307118e-01, 1.6208376996048057e-01,
          1.6558612687712987e-01, 5.8503431078075145e-02,
          -1.6356274069359869e-01, 2.5843272018535937e-02,
          -9.8619438000232729e-01, 2.8288480567431734e-01, 0., 0., 0.,
          1. ]
   - !!opencv-matrix
      rows: 4
      cols: 4
      dt: d
      data: [ -1.7495913680227704e-01, -9.8240026687569648e-01,
          -6.5414188766369188e-02, 6.9825205599095619e-01,
          -9.7277220968126732e-01, 1.6222289375758558e-01,
          1.6552329386747813e-01, -3.8328337003946090e-02,
          -1.5199844907506949e-01, 9.2592917566492100e-02,
          -9.8403405586153281e-01, 2.8298732246742370e-01, 0., 0., 0.,
          1. ]
   - !!opencv-matrix
      rows: 4
      cols: 4
      dt: d
      data: [ -1.9149859038102890e-01, -9.6478531441360271e-01,
          -1.8032633466558598e-01, 7.3986057929609950e-01,
          -9.7276989797136970e-01, 1.6212537711888131e-01,
          1.6563238721588242e-01, -3.8276308049703618e-02,
          -1.3056421976502700e-01, 2.0713439884747936e-01,
          -9.6956089304965432e-01, 2.8296823169387519e-01, 0., 0., 0.,
          1. ]
   - !!opencv-matrix
      rows: 4
      cols: 4
      dt: d
      data: [ -2.6009727657095283e-01, -9.5082813890374029e-01,
          -1.6815248136504907e-01, 7.3982685362899925e-01,
          -9.5672638120031928e-01, 2.3024201822904311e-01,
          1.7794168864310236e-01, -3.8288098383574741e-02,
          -1.3047619796619941e-01, 2.0715806359074487e-01,
          -9.6956768637038337e-01, 2.8296191354994205e-01, 0., 0., 0.,
          1. ]
   - !!opencv-matrix
      rows: 4
      cols: 4
      dt: d
      data: [ 1.4303027206907282e-01, -9.6379546528390247e-01,
          -2.2503475813756763e-01, 7.7939192357287301e-01,
          -9.8108048868729258e-01, -1.6804274060014734e-01,
          9.6139024587808430e-02, -3.8313144092726237e-02,
          -1.3047381342227554e-01, 2.0702641964198198e-01,
          -9.6959612498259873e-01, 2.8302186360331877e-01, 0., 0., 0.,
          1. ]
   - !!opencv-matrix
      rows: 4
      cols: 4
      dt: d
      data: [ 2.2766655966631610e-01, -9.3117270440813815e-01,
          2.8475486330339900e-01, 6.1464710049523852e-01,
          -9.6771708134894996e-01, -1.8389478018061223e-01,
          1.7235533147481658e-01, -3.8304366469505975e-02,
          -1.0812764713602725e-01, -3.1480169057290358e-01,
          -9.4297842368596563e-01, 2.5342618149861179e-01, 0., 0., 0.,
          1. ]
   - !!opencv-matrix
      rows: 4
      cols: 4
      dt: d
      data: [ 4.0447571817956562e-01, -8.8040771035180676e-01,
          2.4755132186319101e-01, 6.1463155763413879e-01,
          -9.0813237068350883e-01, -3.5463693352035597e-01,
          2.2254941631024003e-01, -3.8279071749756546e-02,
          -1.0814338037935679e-01, -3.1482520378198353e-01,
          -9.4296876954847153e-01, 2.5341953057141370e-01, 0., 0., 0.,
          1. ]
   - !!opencv-matrix
      rows: 4
      cols: 4
      dt: d
      data: [ -1.9268272822813615e-01, -9.2389641040982906e-01,
          3.3058854952099498e-01, 5.8500867615719143e-01,
          -9.7528718234869038e-01, 2.1743278193884730e-01,
          3.9216033515470622e-02, 6.9287615054603555e-02,
          -1.0811234059493306e-01, -3.1486252265102477e-01,
          -9.4295986852088154e-01, 2.5345238853821289e-01, 0., 0., 0.,
          1. ]
   - !!opencv-matrix
      rows: 4
      cols: 4
      dt: d
      data: [ 2.6426018847544352e-01, -8.9385608337303213e-01,
          3.6219864025689891e-01, 5.5023196654344542e-01,
          -9.6069681852162037e-01, -2.1085804429341692e-01,
          1.8055610773162056e-01, 2.0091216893205505e-02,
          -8.5018678355760990e-02, -3.9567687242721006e-01,
          -9.1444608203920963e-01, 2.1267234419476583e-01, 0., 0., 0.,
          1. ]
   - !!opencv-matrix
      rows: 4
      cols: 4
      dt: d
      data: [ 2.9505749335669451e-01, -9.5280798662027766e-01,
          7.1400393883210317e-02, 6.6620854905334848e-01,
          -8.8247147587491193e-01, -3.0039930190193431e-01,
          -3.6194523575257276e-01, 2.1599185720670080e-01,
          3.6631293982224999e-01, 4.3785843025385213e-02,
          -9.2946093520348505e-01, 2.3536268137066374e-01, 0., 0., 0.,
          1. ]
   - !!opencv-matrix
      rows: 4
      cols: 4
      dt: d
      data: [ 3.2481322790843559e-01, -9.4529080640861585e-01,
          -3.0358825653347798e-02, 7.1463508261497899e-01,
          -9.0864201095914976e-01, -3.0299202257350877e-01,
          -2.8734218307955828e-01, 1.9089386176640952e-01,
          2.6242344197082351e-01, 1.2091784639234432e-01,
          -9.5734675615892872e-01, 2.3536954534730525e-01, 0., 0., 0.,
          1. ]
   - !!opencv-matrix
      rows: 4
      cols: 4
      dt: d
      data: [ -1.7168354305334743e-01, -9.8441569079594182e-01,
          -3.8085545281615146e-02, 7.1464259589358192e-01,
          -9.3622246560825650e-01, 1.7506676477829775e-01,
          -3.0469513084468042e-01, 1.9089327746388998e-01,
          3.0661418090989567e-01, -1.6654596506929353e-02,
          -9.5168816766845699e-01, 2.5453600901888002e-01, 0., 0., 0.,
          1. ]
   - !!opencv-matrix
      rows: 4
      cols: 4
      dt: d
      data: [ -2.0039094936872326e-01, -9.7822824398697295e-01,
          5.3971937868349265e-02, 6.6857213770228052e-01,
          -9.3630375556300027e-01, 1.7500346759971630e-01,
          -3.0448163104971776e-01, 1.6732071229390361e-01,
          2.8840725498801728e-01, -1.1154949123253860e-01,
          -9.5098788965792758e-01, 2.5457787366555001e-01, 0., 0., 0.,
          1. ]
   - !!opencv-matrix
      rows: 4
      cols: 4
      dt: d
      data: [ -2.7457991088154454e-01, -9.0534975476027690e-01,
          3.2395631510404238e-01, 5.7379687046267969e-01,
          -9.3626864001869325e-01, 1.7495826941420667e-01,
          -3.0461555718829003e-01, 1.6729006987488074e-01,
          2.1910478374017678e-01, -3.8695145111382168e-01,
          -8.9569060965440406e-01, 2.5460006713416089e-01, 0., 0., 0.,
          1. ]
   - !!opencv-matrix
      rows: 4
      cols: 4
      dt: d
      data: [ -1.8755635694420714e-01, -9.1757283075120766e-01,
          3.5054630683696159e-01, 5.7382852094678838e-01,
          -9.5754346171359939e-01, 9.1252687687830680e-02,
          -2.7346565765975844e-01, 1.6732513579090760e-01,
          2.1893636495418950e-01, -3.8695354663959775e-01,
          -8.9573088639595466e-01, 2.2744019426981629e-01, 0., 0., 0.,
          1. ]
   - !!opencv-matrix
      rows: 4
      cols: 4
      dt: d
      data: [ 5.6932042039544606e-02, -9.1138509715053240e-01,
          4.0759777634467298e-01, 5.7377507611249956e-01,
          -9.7408548406031792e-01, -1.4021909838301172e-01,
          -1.7747133343622429e-01, 1.6723085369659926e-01,
          2.1889772116717832e-01, -3.8693127185660486e-01,
          -8.9574995312712491e-01, 2.2741172489703129e-01, 0., 0., 0.,
          1. ]