%YAML 1.0
---
camera_matrix: !!opencv-matrix
   rows: 3
   cols: 3
   dt: d
   data: [ 1.4135021364891049e+03, 0., 9.4508529373237809e+02, 0.,
       1.4199512175750258e+03, 5.9858760434830640e+02, 0., 0., 1. ]
distortion_coefficients: !!opencv-matrix
   rows: 5
   cols: 1
   dt: d
   data: [ -1.7583144780227183e-01, 1.3326660581034819e-01,
       -7.9056711943445771e-04, 1.6631507519569193e-04,
       -3.9803036750947554e-02 ]
nframes: 36
camera poses:
   - !!opencv-matrix
      rows: 4
      cols: 4
      dt: d
      data: [ -3.0778395666170577e-01, 9.4978476921638777e-01,
          5.6373115810980617e-02, -8.8314852735255300e-02,
          -9.5130584986699651e-01, -3.0614115668617797e-01,
          -3.5982943065853375e-02, 8.4271243485651307e-02,
          -1.6917920395150485e-02, -6.4703047435356778e-02,
          9.9776114357198820e-01, 3.2434396196756604e-01, 0., 0., 0., 1. ]
   - !!opencv-matrix
      rows: 4
      cols: 4
      dt: d
      data: [ -3.2933475812775797e-03, 9.9825255761467446e-01,
          5.8999873537745627e-02, -6.8099580289209427e-02,
          -9.9940708258715760e-01, -1.2635556128523621e-03,
          -3.4407654698329335e-02, 7.8902776260445867e-02,
          -3.4272979682763639e-02, -5.9078207851747777e-02,
          9.9766483761867153e-01, 2.7529820470686112e-01, 0., 0., 0., 1. ]
   - !!opencv-matrix
      rows: 4
      cols: 4
      dt: d
      data: [ 3.4894568155269029e-01, 9.3516121157538834e-01,
          6.0913214416742890e-02, -6.1592795847385910e-02,
          -9.3544814136216259e-01, 3.5148539628321585e-01,
          -3.7346901099101298e-02, 3.4452627318024218e-02,
          -5.6335478588575162e-02, -4.3949113352630201e-02,
          9.9744412840404928e-01, 2.7380655641054269e-01, 0., 0., 0., 1. ]
   - !!opencv-matrix
      rows: 4
      cols: 4
      dt: d
      data: [ -8.5663879149579809e-03, 9.8049697316008633e-01,
          -1.9634740289089472e-01, -1.4680369657476949e-01,
          -9.9924474064567859e-01, -1.5836104671320718e-02,
          -3.5484730248229332e-02, 8.0823255426341764e-02,
          -3.7902048625913204e-02, 1.9589513371380068e-01,
          9.7989210186489972e-01, 2.3821282865997259e-01, 0., 0., 0., 1. ]
   - !!opencv-matrix
      rows: 4
      cols: 4
      dt: d
      data: [ -5.6155971647597544e-03, 8.9555294485477799e-01,
          -4.4491952983704597e-01, -1.1130479747426777e-01,
          -9.9917794697295481e-01, -2.2888466821188488e-02,
          -3.3459652859623434e-02, 5.8194996951043215e-02,
          -4.0148416549028371e-02, 4.4436588645901948e-01,
          8.9494528525496775e-01, 2.3063820376331431e-01, 0., 0., 0., 1. ]
   - !!opencv-matrix
      rows: 4
      cols: 4
      dt: d
      data: [ -1.1109355362618627e-02, 9.4283907247420318e-01,
          3.3306315563179822e-01, -7.0443986486057916e-02,
          -9.9947786853078913e-01, -3.6346150884860456e-04,
          -3.2308794667742918e-02, 5.5228124107919593e-02,
          -3.0340938360206376e-02, -3.3324818275831003e-01,
          9.4235082434712525e-01, 3.0302342145163347e-01, 0., 0., 0., 1. ]
   - !!opencv-matrix
      rows: 4
      cols: 4
      dt: d
      data: [ -1.3164786425118306e-02, 8.8955920430957680e-01,
          4.5663016810816792e-01, -9.3136007184662709e-02,
          -9.9951997119656499e-01, 1.1010960201484829e-03,
          -3.0961504594777173e-02, 5.3446299209220012e-02,
          -2.8044885052340901e-02, -4.5681857407034920e-01,
          8.8911769457520884e-01, 3.5063094473081513e-01, 0., 0., 0., 1. ]
   - !!opencv-matrix
      rows: 4
      cols: 4
      dt: d
      data: [ -1.3094732830019905e-02, 8.6245561786808156e-01,
          5.0596327453669609e-01, -7.7532898226909952e-02,
          -9.9954910901532035e-01, 2.3832483039188113e-03,
          -2.9931568522234775e-02, 5.3677139614891525e-02,
          -2.7020485539489630e-02, -5.0612708615061064e-01,
          8.6203553640549113e-01, 3.4510536233455069e-01, 0., 0., 0., 1. ]
   - !!opencv-matrix
      rows: 4
      cols: 4
      dt: d
      data: [ 4.8312263051109722e-04, 9.9942364452708399e-01,
          3.3943266677272946e-02, -7.6715594011043581e-02,
          -9.7508845842400615e-01, -7.0583399149293617e-03,
          2.2170403263346433e-01, 4.5917980163016715e-02,
          2.2181583541491984e-01, -3.3204797813657858e-02,
          9.7452305081066948e-01, 2.5406302486115195e-01, 0., 0., 0., 1. ]
   - !!opencv-matrix
      rows: 4
      cols: 4
      dt: d
      data: [ 8.5699295419742749e-03, 9.9954673586095344e-01,
          2.8859645482211566e-02, -7.5552101303487454e-02,
          -9.0564773895804762e-01, -4.4773902906036500e-03,
          4.2400722387285072e-01, 7.3481867531293293e-02,
          4.2394425250004486e-01, -2.9770384711974157e-02,
          9.0519887039604718e-01, 2.7263186999957967e-01, 0., 0., 0., 1. ]
   - !!opencv-matrix
      rows: 4
      cols: 4
      dt: d
      data: [ 1.3025763577300925e-02, 9.9958821334500547e-01,
          2.5568207308456770e-02, -7.4660996798537882e-02,
          -8.4160650497687961e-01, -2.8475767455226342e-03,
          5.4008368063410317e-01, 8.1902999350422265e-02,
          5.3993408881439386e-01, -2.8553371927292959e-02,
          8.4122285078791814e-01, 2.7869968085159730e-01, 0., 0., 0., 1. ]
   - !!opencv-matrix
      rows: 4
      cols: 4
      dt: d
      data: [ -1.4598245081953606e-02, 9.9909542972384369e-01,
          3.9940124504752858e-02, -7.8814163970839970e-02,
          -9.8934390166272768e-01, -8.6455825060553354e-03,
          -1.4534062799472808e-01, 8.0669680989046352e-02,
          -1.4486385154101822e-01, -4.1636236718259390e-02,
          9.8857518090868668e-01, 2.2813691634199287e-01, 0., 0., 0., 1. ]
   - !!opencv-matrix
      rows: 4
      cols: 4
      dt: d
      data: [ -2.2825728344718767e-02, 9.9895687479726214e-01,
          3.9549316312926519e-02, -7.8672029483383282e-02,
          -9.4333244114198611e-01, -8.4208504311470492e-03,
          -3.3174236203282426e-01, 7.1495341384004790e-02,
          -3.3106327433684679e-01, -4.4880414139166103e-02,
          9.4254063934244370e-01, 2.3632564032266201e-01, 0., 0., 0., 1. ]
   - !!opencv-matrix
      rows: 4
      cols: 4
      dt: d
      data: [ -2.8014427242500486e-02, 9.9884022778463055e-01,
          3.9158539623208033e-02, -7.6801916724868816e-02,
          -8.9766601633684584e-01, -7.9032949767794264e-03,
          -4.4060556174706622e-01, 7.9837458249047616e-02,
          -4.3978507816911255e-01, -4.7494602721337958e-02,
          8.9684633451451989e-01, 2.8253110347142313e-01, 0., 0., 0., 1. ]
   - !!opencv-matrix
      rows: 4
      cols: 4
      dt: d
      data: [ 1.0515365816674770e-01, 9.9319697736701662e-01,
          5.0024717122363796e-02, -1.3266588466533646e-01,
          -9.9428821317468374e-01, 1.0407883022585564e-01,
          2.3633582900438137e-02, 1.8887214673930095e-02,
          1.8266289060593025e-02, -5.2224144299732267e-02,
          9.9846831769271249e-01, 3.0457418316865115e-01, 0., 0., 0., 1. ]
   - !!opencv-matrix
      rows: 4
      cols: 4
      dt: d
      data: [ 1.1513800958001452e-01, 9.9092708632823590e-01,
          6.9330717081144314e-02, -8.1489464201329381e-02,
          -9.8509080077755595e-01, 1.2288360220727634e-01,
          -1.2039823309333834e-01, 4.7021627625366588e-02,
          -1.2782547857679408e-01, -5.4434638692629031e-02,
          9.9030173035142022e-01, 3.0045627908172873e-01, 0., 0., 0., 1. ]
   - !!opencv-matrix
      rows: 4
      cols: 4
      dt: d
      data: [ 1.1704123194198293e-01, 9.8323821983509874e-01,
          -1.3979968913058888e-01, -1.5203842381138510e-01,
          -9.8437770440162542e-01, 9.6210785799490023e-02,
          -1.4745853577474227e-01, 4.1484221972055570e-02,
          -1.3153663026886941e-01, 1.5487442574986676e-01,
